750
0 1 7 471 586 815 1073 1715 2014 2126 
0 3 10 33 149 235 614 1017 1312 1435 1646 1662 1988 
0 4 12 198 356 498 612 712 1340 1549 1715 1780 1807 1904 2108 
0 5 12 22 230 250 368 533 548 591 609 780 984 1456 1841 
0 7 8 198 216 421 922 1213 1249 1840 1992 
0 9 11 247 288 314 531 832 885 1185 1631 1677 1740 2161 
0 11 12 64 350 564 683 1106 1266 1283 1495 1542 1807 1876 2004 
0 13 13 54 355 413 446 601 747 1035 1106 1396 1486 1794 1811 1875 
0 14 5 127 446 726 987 1121 
0 16 5 614 895 944 1669 1921 
0 17 5 198 867 942 1555 1646 
0 19 13 106 359 582 800 892 912 1118 1139 1249 1479 1622 1807 1882 
0 21 11 66 91 230 338 384 525 992 1046 1082 1374 1906 
0 22 14 294 314 729 739 924 1106 1146 1490 1545 1600 1677 1792 1901 2097 
0 23 12 38 106 134 294 523 672 949 1023 1239 1811 1857 2158 
0 24 8 82 466 515 1539 1619 1851 2044 2063 
0 25 10 139 197 457 957 1187 1499 1679 1910 1917 1951 
0 28 14 358 433 471 497 780 925 949 1241 1272 1402 1665 1715 2029 2135 
0 29 8 622 759 923 1047 1090 1670 1764 2062 
0 33 5 673 809 1906 1941 1959 
0 34 12 235 501 568 609 692 716 791 1505 1669 1890 1914 2123 
0 35 11 31 231 234 250 266 498 880 1377 1400 1937 1943 
0 38 13 209 253 577 742 903 926 929 954 1142 1220 1495 1775 1906 
0 39 9 293 360 927 1078 1090 1661 1720 1882 1914 
0 41 10 114 300 375 1047 1601 1647 1648 1692 1709 2123 
0 42 5 185 607 1120 1186 1540 
0 43 5 726 892 1290 1724 2142 
0 45 7 64 987 1048 1128 1364 1623 2130 
0 48 11 253 535 754 892 1239 1353 1411 1560 1689 1834 2021 
0 50 13 222 260 324 464 498 764 1067 1309 1553 1666 1667 1721 2062 
0 56 4 646 912 1524 1792 
0 60 9 159 1070 1112 1139 1329 1381 1677 1740 1881 
0 62 8 404 614 1530 1621 1678 1807 1968 2065 
0 63 8 62 123 331 692 1265 1269 1326 1476 
0 70 11 100 231 350 425 609 1037 1059 1220 1278 1552 1925 
0 73 9 153 414 507 547 1456 1511 1587 1921 2122 
0 74 6 1121 1148 1172 1572 1633 1879 
0 75 7 48 498 501 1026 1151 1651 1677 
0 77 7 272 370 529 903 1679 1692 2109 
0 78 14 145 217 351 649 950 1091 1113 1172 1334 1408 1419 1549 1676 1783 
0 81 12 376 735 815 1090 1111 1452 1555 1623 1629 1802 2045 2166 
0 83 14 11 101 405 847 1067 1073 1218 1226 1362 1364 1428 1600 1705 1785 
0 87 13 149 243 274 476 692 912 1037 1150 1172 1361 1378 1621 2040 
0 89 12 33 575 622 701 742 888 1145 1212 1619 1677 1778 1883 
0 90 12 138 235 431 466 897 1090 1218 1378 1656 1715 1737 1839 
0 92 12 40 327 329 466 601 701 716 1330 1659 1928 1940 2100 
0 98 11 27 134 320 646 805 1102 1294 1693 1709 1925 2102 
0 100 8 837 908 1172 1619 1879 1925 2078 2109 
0 103 12 380 864 891 1183 1294 1326 1409 1608 1838 1942 2062 2155 
0 106 11 383 431 461 726 764 944 1095 1104 1157 1249 1709 
0 107 6 697 951 1072 1321 1497 1794 
0 109 14 44 160 207 270 608 949 990 1309 1572 1578 1619 1976 1981 2147 
0 110 6 7 317 556 892 978 1642 
0 111 10 197 274 683 722 847 1036 1330 1624 1638 2094 
0 112 6 659 1036 1121 1859 2061 2158 
0 113 14 466 625 635 692 700 747 818 1303 1321 1339 1616 1791 1800 1843 
0 120 10 243 289 486 1265 1402 1485 1666 1705 2135 2146 
0 121 7 40 250 877 1111 1574 1592 1672 
0 122 4 276 946 1589 2142 
0 125 14 197 198 467 564 637 816 928 1014 1101 1619 1725 2023 2044 2045 
0 127 14 30 42 198 260 828 1015 1059 1130 1204 1378 1402 1936 1968 2125 
0 132 6 533 639 994 1859 1953 1992 
0 135 5 856 1076 1720 1895 1921 
0 136 7 33 134 942 1111 1290 1328 1537 
0 139 12 359 509 683 978 1150 1258 1303 1604 1886 2134 2147 2158 
0 140 8 134 206 683 692 1009 1294 1392 1678 
0 141 5 276 719 925 926 2062 
0 142 9 68 803 1151 1257 1510 1710 1819 1913 2137 
0 145 13 253 421 433 601 683 948 1019 1190 1679 1822 1955 2074 2093 
0 148 12 40 139 609 707 771 887 1191 1326 1452 1600 1731 1852 
0 149 13 71 454 488 764 935 1014 1225 1434 1459 1661 1906 1937 2103 
0 154 14 231 262 350 660 851 1134 1187 1218 1455 1572 1629 1857 2093 2165 
0 159 10 250 384 515 523 589 805 1078 1825 2062 2152 
0 164 6 149 361 818 1167 1216 2021 
0 166 12 2 17 46 216 246 282 617 627 732 894 1241 1290 
0 167 11 302 474 540 832 917 1340 1417 1434 1766 1807 1813 
0 170 6 233 266 467 1325 1648 2049 
0 174 7 40 244 922 1388 1402 1969 2143 
0 176 6 361 433 497 852 1992 2039 
0 177 8 177 659 883 1068 1118 1491 1844 1955 
0 178 9 342 803 884 908 1134 1265 1555 1911 2161 
0 179 14 2 701 1220 1227 1326 1353 1396 1435 1575 1616 1679 1944 2036 2150 
0 181 13 165 222 766 924 925 1290 1427 1500 1513 1713 1838 2097 2103 
0 184 7 405 787 1495 1539 1716 1750 2161 
0 186 7 380 485 1213 1781 1832 1843 2023 
0 187 13 82 276 317 501 572 771 1045 1313 1620 1699 1706 2004 2161 
0 189 10 73 471 509 897 912 1269 1445 1552 1553 1555 
0 192 5 6 471 609 679 1134 
0 193 8 632 750 911 974 1553 2045 2102 2152 
0 194 5 21 1326 1846 2036 2097 
0 196 14 123 286 509 818 965 1014 1172 1197 1260 1801 1811 1903 1925 2075 
0 197 14 270 405 411 517 632 777 864 1090 1112 1139 1168 1653 1890 2125 
0 201 13 35 40 141 300 651 688 853 899 1111 1552 1624 1760 1833 
0 202 11 268 297 608 764 1270 1552 1831 1890 1913 1951 2121 
0 203 9 83 230 564 577 1069 1900 1906 1992 2114 
0 205 6 312 370 632 891 1659 1868 
0 208 11 182 302 510 577 940 942 1047 1142 1696 1712 1921 
0 209 7 98 1128 1319 1326 1413 1807 1937 
0 210 5 228 330 817 1721 1741 
0 211 13 274 287 425 476 742 1268 1389 1495 1528 1647 1800 2000 2103 
0 212 8 188 244 633 680 701 953 1497 1824 
0 213 8 125 477 529 614 649 864 1205 1560 
0 216 13 64 140 531 546 884 1036 1228 1459 1666 1857 1900 1967 2160 
0 217 14 82 122 198 313 405 900 924 1378 1547 1629 1662 1677 1765 1817 
0 219 14 31 40 46 163 336 777 817 845 1130 1496 1727 1814 1909 1967 
0 220 5 887 1000 1592 1709 1917 
0 222 8 11 614 657 789 904 949 1713 1909 
0 225 9 243 701 1353 1549 1721 1725 1792 1802 2017 
0 228 12 1 98 216 912 977 1014 1037 1094 1275 1495 2142 2164 
0 229 9 270 282 701 820 935 987 1662 2118 2146 
0 230 6 509 547 806 847 1108 1825 
0 232 9 121 470 496 716 882 935 1183 1221 1361 
0 233 9 139 460 476 734 784 806 925 1021 1070 
0 235 6 243 1048 1207 1334 1756 1841 
0 239 7 197 375 608 1070 1185 1651 1882 
0 240 8 50 130 369 406 855 1036 1388 1513 
0 241 14 100 119 510 689 729 780 980 1014 1169 1377 1529 1620 1721 1890 
0 245 10 40 88 139 330 462 986 1721 1957 1966 2007 
0 247 13 102 201 229 433 456 515 548 716 965 1378 1411 1801 1955 
0 251 10 1 270 735 891 949 1047 1067 1106 1192 1655 
0 254 13 146 222 286 447 510 766 1091 1269 1323 1387 1647 1662 1811 
0 255 9 78 139 433 548 635 1378 1532 1727 1988 
0 258 6 156 228 274 697 1417 1907 
0 260 14 46 228 583 601 631 1067 1165 1190 1340 1485 1539 1659 2063 2148 
0 261 9 238 309 475 742 948 1187 1192 1226 1252 
0 265 11 231 235 327 433 1060 1071 1104 1321 1340 1860 1925 
0 267 9 179 548 771 1362 1608 1775 1854 1903 2097 
0 268 5 50 233 586 2024 2147 
0 272 10 153 362 384 565 608 646 1150 1796 1839 2123 
0 274 8 866 879 897 1684 1751 1874 1968 2114 
0 275 13 160 270 609 692 1150 1203 1218 1220 1221 1474 1647 1937 2135 
0 276 5 380 533 1088 1120 1717 
0 277 13 259 261 309 447 553 599 626 911 957 1091 1144 1381 1413 
0 278 9 49 73 265 336 1130 1438 1774 1932 2042 
0 279 9 505 852 1019 1555 1679 1797 1811 2143 2161 
0 281 12 98 376 421 431 454 707 912 1070 1612 1619 1814 2153 
0 282 5 116 771 1226 1489 1661 
0 283 8 238 359 382 431 791 1002 1655 1825 
0 284 9 260 286 427 607 791 1745 1753 1780 1949 
0 286 14 216 649 864 891 1091 1249 1326 1334 1402 1725 1780 1865 1874 2026 
0 287 13 61 361 747 1059 1185 1389 1427 1800 1859 1930 2002 2011 2102 
0 292 11 148 289 586 609 659 864 1284 1285 1522 1581 1814 
0 293 6 959 978 1187 1789 1805 1976 
0 294 14 356 380 473 505 913 971 1164 1220 1253 1517 1557 1770 2010 2062 
0 296 12 265 581 617 1002 1029 1047 1145 1263 1290 1374 1469 1964 
0 298 7 64 656 1118 1121 1807 1857 2126 
0 299 9 50 56 380 471 814 832 1130 1653 1994 
0 300 13 223 314 467 489 815 837 884 1120 1145 1269 1509 1778 1797 
0 301 13 14 86 282 677 866 911 1313 1435 1796 1839 1842 2025 2072 
0 302 12 46 83 157 201 451 497 780 874 926 1139 1269 1491 
0 303 7 238 690 771 1415 1578 1791 1972 
0 305 11 150 575 732 903 948 1114 1259 1459 1792 1801 2139 
0 308 5 206 384 721 975 1980 
0 309 8 153 218 791 879 1229 1553 1940 2098 
0 311 9 195 309 533 818 1002 1037 1420 1484 1673 
0 312 7 61 711 1101 1204 1290 1491 1655 
0 313 12 60 197 226 235 238 247 334 376 777 882 950 2102 
0 314 14 4 198 566 738 1090 1207 1375 1461 1669 1839 1904 1925 2043 2123 
0 315 7 33 535 602 633 1377 1891 1908 
0 316 6 209 326 791 924 1484 1555 
0 317 5 724 935 1246 1637 1638 
0 319 8 146 228 309 472 795 1125 1848 1917 
0 320 13 64 92 100 266 730 761 912 1107 1362 1448 1465 1796 2045 
0 323 6 1222 1508 1720 1801 1840 2102 
0 325 6 153 279 531 748 1485 1649 
0 326 6 301 540 1002 1362 1427 1910 
0 328 9 83 216 411 558 912 1035 1151 1374 1702 
0 329 13 119 146 163 589 722 815 923 987 1126 1218 1263 1890 2035 
0 332 7 174 248 359 602 649 957 1741 
0 333 5 31 64 146 1047 2103 
0 334 6 1 791 1139 1578 1992 2135 
0 340 6 224 951 1632 1780 1898 2004 
0 342 7 99 246 256 286 871 1062 1090 
0 346 7 566 1330 1331 1353 1553 1804 1850 
0 347 10 501 923 949 987 1102 1215 1841 1900 1913 2102 
0 348 12 46 110 290 547 697 771 904 1037 1427 1624 1646 1906 
0 349 12 114 253 285 309 1099 1256 1612 1725 1879 1937 2004 2145 
0 351 6 140 603 697 1238 1518 2147 
0 352 10 275 279 631 724 892 1048 1090 1821 1843 2109 
0 354 6 174 560 1139 1605 1647 1995 
0 356 7 575 1139 1289 1532 1616 1656 1992 
0 357 6 141 724 1101 1518 1676 1774 
0 358 9 61 231 384 764 806 1038 1070 1377 1884 
0 360 12 1 227 366 388 447 546 688 871 1152 1237 1309 1485 
0 361 10 447 700 724 852 957 1092 1311 1959 2121 2123 
0 362 9 308 423 803 871 972 1406 1503 1548 2074 
0 364 12 132 153 330 423 806 1491 1616 1623 1629 1679 1918 2102 
0 367 13 198 471 602 627 664 728 926 1491 1572 1666 1785 2038 2153 
0 369 9 378 589 688 911 961 1145 1384 1731 2158 
0 370 12 174 523 684 729 1048 1064 1078 1374 1391 1857 1940 2076 
0 374 6 253 321 438 632 1014 1399 
0 377 7 566 790 792 1014 1045 1183 1968 
0 378 7 100 1078 1220 1553 1564 1842 1904 
0 379 6 424 690 1109 1413 1515 1689 
0 380 7 77 139 203 341 479 1132 1697 
0 381 13 216 243 377 384 652 847 970 1079 1250 1795 1903 1989 2109 
0 387 13 174 305 318 712 942 957 1101 1175 1312 1335 1646 1725 1819 
0 389 11 114 135 279 406 594 882 977 1312 1413 1651 1823 
0 391 10 260 523 546 780 906 912 1118 1418 1890 2063 
0 393 10 216 260 692 884 1120 1315 1374 1549 1608 1725 
0 396 9 356 394 465 486 957 1111 1334 1456 1472 
0 397 6 192 243 309 431 546 1454 
0 400 9 496 793 1187 1274 1392 1459 1968 2017 2146 
0 404 13 73 649 803 815 925 1048 1109 1352 1463 1481 1661 1940 2069 
0 406 9 13 228 312 330 908 1153 1249 1553 1880 
0 411 12 93 388 426 585 607 609 1201 1326 1382 1472 1572 1996 
0 412 7 92 168 388 646 1075 1271 1312 
0 416 14 95 216 369 393 509 548 602 813 957 1193 1429 1803 2027 2114 
0 420 5 50 866 1128 1363 2070 
0 421 9 461 467 756 794 925 987 1091 1101 1801 
0 423 12 228 351 556 599 609 683 748 903 1090 1142 1330 1413 
0 425 7 231 871 1014 1312 1543 2097 2123 
0 429 12 4 31 82 128 621 645 783 1032 1272 1910 1992 2107 
0 430 9 2 31 305 453 1443 1819 1843 1993 2103 
0 431 6 348 446 629 1389 1521 1838 
0 433 12 54 55 86 370 445 609 662 812 925 1180 1601 2123 
0 435 10 50 58 297 354 376 586 1046 1221 1547 2060 
0 436 10 92 182 314 509 626 965 1172 1229 1233 1887 
0 439 8 467 751 1037 1326 1608 1624 2127 2153 
0 440 8 385 642 803 1050 1249 1312 1507 1552 
0 441 6 329 585 1090 1221 1229 1485 
0 442 9 329 604 608 649 950 1037 1643 2062 2070 
0 446 8 33 228 742 759 1102 1118 1231 1249 
0 448 5 469 977 1321 1472 1700 
0 450 12 20 70 98 277 376 951 1130 1157 1427 1452 1555 2142 
0 451 12 330 631 683 866 949 1035 1063 1120 1553 1560 1950 2077 
0 453 7 314 369 484 1627 1771 1988 2121 
0 456 11 350 409 425 505 648 1036 1241 1402 1469 1661 2060 
0 457 12 83 132 590 1185 1221 1254 1392 1572 1655 1854 1890 2097 
0 460 9 231 416 777 843 1043 1400 1608 1873 1904 
0 462 11 31 126 376 531 900 922 1306 1791 1925 2036 2045 
0 463 11 289 817 818 1221 1299 1555 1600 1633 1655 1794 1833 
0 467 12 1 279 857 942 1150 1469 1495 1834 1841 1846 1950 2036 
0 468 13 140 346 422 700 758 817 884 1251 1456 1552 1560 1875 1951 
0 472 14 46 157 188 197 238 724 761 1172 1252 1438 1502 1674 1789 1907 
0 473 8 157 277 330 388 688 726 1420 1679 
0 477 5 1118 1198 1678 1721 1906 
0 479 12 265 285 365 370 498 847 978 1263 1540 1721 1898 2051 
0 480 13 529 539 560 605 808 887 949 1299 1578 1624 1725 1909 2091 
0 483 9 86 270 327 350 568 805 1379 1572 1592 
0 485 12 186 197 485 788 864 1035 1106 1118 1269 1617 1909 2022 
0 486 7 16 266 537 902 1145 1638 2046 
0 488 14 11 86 696 878 911 962 1142 1334 1390 1638 1763 1794 1801 1829 
0 489 7 601 978 1051 1083 1357 1749 1840 
0 491 7 146 501 607 697 824 979 1458 
0 493 5 1619 1689 1801 1913 2146 
0 497 14 100 205 509 692 805 806 942 1048 1497 1658 1662 1720 1829 2135 
0 499 11 1 197 286 346 362 403 421 967 1220 1452 2106 
0 500 11 44 157 823 1249 1405 1669 1780 1811 1814 1910 2062 
0 502 10 7 231 243 285 346 535 742 1121 1362 1456 
0 504 12 2 54 146 172 216 515 973 987 1821 2015 2021 2097 
0 505 5 49 497 530 692 1269 
0 506 5 602 829 1465 1578 1992 
0 507 11 183 362 780 852 882 1083 1561 1709 1819 2103 2135 
0 508 13 145 228 330 359 379 600 1106 1152 1389 1638 1799 2017 2142 
0 509 12 73 314 646 806 832 873 903 1091 1139 1377 1707 2163 
0 514 8 76 329 601 614 949 1006 1713 1886 
0 515 6 291 806 818 1690 2039 2161 
0 516 10 18 233 356 891 1321 1340 1616 1662 1977 2147 
0 519 7 42 398 470 865 1048 1207 1413 
0 520 7 44 260 373 428 632 1340 1491 
0 526 9 445 450 457 635 701 754 956 1036 1839 
0 530 11 44 139 456 467 500 1342 1463 1715 1810 2114 2146 
0 531 6 334 492 847 882 944 1212 
0 532 11 1 69 266 286 454 631 1013 1211 1518 1976 2103 
0 533 10 212 446 564 619 777 925 1150 1700 2024 2135 
0 536 8 174 337 692 791 1553 1662 1794 2158 
0 538 6 968 974 1586 1811 1903 2142 
0 539 12 174 228 330 356 658 748 751 796 815 1403 1534 1578 
0 540 7 281 566 766 1355 1592 1986 2063 
0 541 12 132 461 481 483 613 1024 1207 1250 1435 1495 1512 1701 
0 546 14 16 230 477 925 1210 1391 1412 1650 1655 1661 1818 1992 2017 2103 
0 549 11 108 160 684 883 931 1271 1389 1400 1591 1840 2063 
0 550 14 43 82 197 198 231 253 276 806 978 1032 1463 1466 1983 2147 
0 551 12 46 626 1000 1142 1492 1495 1506 1624 1656 1913 1925 2146 
0 554 10 75 380 429 437 712 749 1036 1488 1731 1814 
0 555 13 55 63 566 748 794 957 1146 1222 1250 1576 1677 1856 1976 
0 556 6 312 701 1386 1838 1890 2147 
0 557 14 208 356 359 417 832 884 903 1074 1121 1377 1412 1445 1468 2102 
0 559 13 2 481 712 882 944 1139 1239 1269 1286 1678 1721 1766 1898 
0 560 8 140 531 614 712 1181 1267 1887 1955 
0 561 13 149 166 277 350 608 609 781 832 858 957 1139 1150 1425 
0 565 8 5 73 130 405 564 609 1556 2111 
0 567 14 131 134 494 665 949 1106 1321 1747 1781 1794 1882 1951 2122 2158 
0 569 5 450 1018 1294 1420 2161 
0 570 10 100 198 838 974 1277 1377 1624 1679 2066 2138 
0 574 7 788 1253 1389 1552 1576 2017 2114 
0 575 6 50 1220 1389 1532 1775 2045 
0 576 13 52 140 232 614 852 935 1111 1128 1543 1662 1778 1968 2096 
0 584 10 68 73 92 275 376 399 467 626 646 1532 
0 588 14 47 309 521 577 632 755 1012 1111 1400 1549 1572 1679 1807 1913 
0 591 8 433 1192 1322 1353 1452 1878 2073 2147 
0 592 6 36 566 726 798 947 1091 
0 593 8 238 451 496 556 912 1243 1628 1886 
0 594 11 50 100 119 265 585 664 1172 1283 1968 1992 2122 
0 596 9 461 509 548 949 1106 1118 1321 1651 2113 
0 597 9 64 427 450 737 1141 1396 1560 1800 1906 
0 602 5 497 561 957 1047 1917 
0 604 9 529 564 635 747 949 1272 1833 2004 2105 
0 605 9 627 632 1180 1298 1374 1616 1709 2123 2147 
0 606 13 41 61 446 509 615 736 747 1060 1142 1396 1504 1750 1825 
0 610 10 533 755 908 1074 1122 1370 1491 1592 2062 2091 
0 611 7 243 547 566 712 771 1365 1571 
0 613 11 112 114 570 589 701 1039 1459 1598 1807 2122 2149 
0 614 11 198 445 497 743 798 908 1276 1626 1720 1753 1992 
0 616 12 346 420 498 547 672 688 1249 1677 1764 1839 1956 2013 
0 621 6 44 864 924 1753 1795 1815 
0 623 13 7 243 297 309 340 396 799 1128 1161 1280 1625 1955 2062 
0 626 5 4 370 501 1216 1217 
0 627 11 61 225 230 497 635 1452 1551 1809 1890 1940 2114 
0 629 12 90 119 247 270 303 370 501 643 1549 1814 1840 1976 
0 638 14 410 612 748 931 951 1372 1485 1538 1565 1616 1665 1666 1678 2126 
0 639 5 277 1055 1172 1328 1588 
0 640 8 219 476 631 1007 1209 1811 1896 1985 
0 641 11 234 384 412 712 935 978 1288 1408 1532 1560 2017 
0 642 5 456 968 1134 1293 1764 
0 644 12 153 477 531 726 791 832 944 1142 1769 1940 2044 2102 
0 645 14 386 450 481 577 935 942 966 1294 1400 1665 1811 1837 1937 2005 
0 646 5 235 381 1400 1659 2062 
0 647 6 277 608 711 1249 1811 1830 
0 648 12 4 73 317 498 625 659 769 871 926 1091 1285 1608 
0 649 5 73 601 882 1090 1596 
0 650 10 33 372 405 450 579 957 978 1687 1814 1861 
0 652 7 223 533 869 1456 1463 1811 1937 
0 654 13 109 160 270 433 777 903 919 1261 1276 1400 1536 1725 1971 
0 655 6 68 81 548 1014 1204 1596 
0 656 8 228 246 864 889 1610 1679 1818 2162 
0 658 7 299 586 852 1106 1456 1836 1955 
0 663 10 1 134 139 344 529 949 1555 1879 1940 2009 
0 667 7 175 454 579 1002 1220 1662 1955 
0 669 9 351 528 571 588 607 771 1048 1655 1796 
0 671 10 276 284 515 548 558 621 1151 1420 1455 1928 
0 672 7 86 227 253 787 810 1106 1721 
0 677 12 50 586 627 712 752 818 1014 1495 1533 1570 1629 1838 
0 678 6 46 689 729 864 1825 2039 
0 679 12 160 235 418 585 641 798 1185 1330 1515 1564 1833 1855 
0 680 7 330 646 957 1318 1659 1764 1807 
0 682 8 266 440 897 1472 1662 1722 1724 2122 
0 687 9 263 334 771 1115 1132 1633 1689 1863 1910 
0 688 11 83 228 274 277 289 701 823 826 1239 1834 1940 
0 690 7 11 257 279 887 1034 1145 1531 
0 691 5 133 473 1638 1651 1955 
0 692 7 157 204 486 694 771 1608 1874 
0 693 8 65 252 851 864 1202 1602 1786 1833 
0 694 5 2 697 731 1036 2159 
0 702 7 248 369 771 871 926 1150 1624 
0 704 12 318 515 718 982 1218 1351 1402 1598 1679 2032 2133 2143 
0 706 13 98 224 309 446 549 650 1257 1463 1588 1665 1666 1731 1998 
0 707 10 171 535 832 903 1190 1682 1791 1857 1882 1925 
0 708 10 76 253 748 1005 1168 1185 1325 1758 2109 2164 
0 712 11 100 119 369 446 523 595 1116 1313 1389 1491 2036 
0 713 7 529 626 635 709 844 1020 1526 
0 718 10 46 329 760 1070 1155 1597 1647 1678 1811 1877 
0 719 9 94 197 262 1047 1050 1364 1552 1598 1811 
0 722 5 2 10 891 896 1374 
0 723 14 1 69 73 346 446 497 815 1059 1078 1452 1511 1551 1845 2121 
0 724 8 72 1080 1452 1552 1553 1678 1792 1833 
0 725 14 42 238 555 602 662 727 987 1022 1090 1105 1111 1674 1678 1816 
0 727 8 1429 1459 1539 1555 1833 1933 1946 2122 
0 728 14 146 216 268 297 405 446 911 1070 1091 1150 1346 1459 1599 1713 
0 729 12 10 11 42 160 181 654 748 925 1108 1504 1549 1551 
0 730 6 86 384 924 1090 1578 1713 
0 732 14 2 146 238 348 405 431 564 661 1287 1397 1472 1935 2006 2082 
0 733 7 86 423 512 806 1220 1386 1463 
0 734 5 73 956 1677 1924 1928 
0 736 11 86 209 277 911 924 1159 1234 1350 1495 1647 1814 
0 738 6 490 742 1396 1462 1726 1882 
0 739 13 139 309 323 576 805 997 1369 1560 1775 1780 1874 1986 2140 
0 741 6 31 243 547 614 1090 1130 
0 742 7 312 330 446 476 564 626 1371 
0 743 10 1 4 153 174 266 547 625 1222 1606 1679 
0 745 14 421 887 907 941 1035 1120 1122 1553 1709 1857 1909 1910 1925 2124 
0 746 13 149 233 266 598 748 792 944 964 1002 1157 1383 1551 1825 
0 747 6 46 814 864 1310 1549 1552 
0 748 5 96 445 520 647 793 
0 754 9 2 79 314 467 526 777 1121 1807 2137 
0 755 12 351 405 478 498 536 547 772 912 1539 1830 1878 1940 
0 756 12 184 228 546 556 814 1111 1187 1247 1413 1507 1838 1868 
0 757 12 92 199 370 487 551 1098 1183 1403 1709 1843 1910 2021 
0 761 14 270 275 847 932 978 1030 1048 1106 1217 1420 1439 1851 2063 2097 
0 764 6 844 960 1130 1313 1624 1655 
0 766 5 1147 1400 1619 1817 1868 
0 767 6 400 601 1340 1803 2120 2158 
0 768 12 90 361 405 421 476 683 701 1138 1190 1420 1768 2127 
0 771 14 37 311 330 531 687 979 1292 1472 1598 1709 1878 1955 2024 2033 
0 772 6 654 1176 1239 1463 1608 1802 
0 775 13 329 445 498 733 1106 1178 1485 1576 1600 1707 1755 1792 1834 
0 776 8 209 548 621 1057 1415 1553 1891 2059 
0 777 12 167 389 421 696 771 1207 1326 1353 1598 1843 1881 1937 
0 778 7 335 447 649 951 957 1145 1780 
0 779 14 93 134 151 370 813 887 1123 1239 1560 1666 1793 1807 1841 2016 
0 780 5 317 361 463 511 1456 
0 784 5 230 523 777 1400 1582 
0 785 7 40 380 388 893 2097 2142 2153 
0 786 9 98 205 253 405 1392 1526 1881 1882 2026 
0 787 8 42 944 1101 1420 1732 1831 1955 2116 
0 790 7 39 446 474 803 887 1279 2062 
0 791 7 286 431 688 728 1592 1878 1910 
0 792 12 148 471 751 871 1068 1101 1374 1573 1577 1841 1917 2046 
0 799 13 85 327 344 359 369 484 527 817 832 1340 1745 1948 2123 
0 802 14 26 50 235 314 543 558 978 1014 1050 1078 1241 1775 2103 2158 
0 803 12 221 330 362 515 729 1035 1101 1118 1185 1212 1624 1655 
0 804 8 123 498 832 1120 1482 1589 1789 1796 
0 807 7 891 1033 1121 1435 1552 2017 2063 
0 809 7 140 370 522 1106 1430 1697 1987 
0 811 8 351 464 702 892 1128 1334 1493 2132 
0 812 10 4 665 791 925 944 1549 1598 1814 1834 1937 
0 815 9 146 339 533 1150 1269 1353 1389 1469 1709 
0 819 7 60 216 335 586 688 1185 1330 
0 820 10 608 699 1456 1495 1526 1619 1727 1838 1976 2097 
0 821 9 235 265 631 1204 1313 1413 1524 1566 2017 
0 822 7 626 865 1042 1247 1551 1806 1819 
0 823 7 231 415 1203 1265 1340 1495 1904 
0 826 7 611 1616 1619 1775 1801 1906 2109 
0 827 8 837 891 1026 1048 1120 1444 1792 2024 
0 829 6 153 1120 1218 1476 1669 1923 
0 830 12 4 59 119 535 1362 1800 1869 1951 1955 2017 2041 2122 
0 831 10 359 558 748 882 1078 1400 1577 1662 1721 2143 
0 836 14 14 160 309 332 410 864 1304 1353 1413 1463 1627 1713 1721 2109 
0 839 8 134 253 724 803 1121 1265 1386 1592 
0 842 7 74 566 993 1471 2062 2098 2122 
0 843 6 351 369 568 578 1551 1580 
0 844 10 10 92 352 415 430 454 825 1265 1396 2070 
0 845 10 119 243 297 450 465 741 965 1491 1525 2021 
0 848 6 40 243 377 427 847 1487 
0 849 8 159 230 242 497 1172 1679 1689 1833 
0 850 8 356 523 1264 1647 1878 1921 1937 2039 
0 851 8 568 576 965 1142 1157 1497 1689 2026 
0 852 9 33 182 376 510 529 926 1265 1299 1677 
0 854 6 2 120 130 963 1515 1816 
0 855 12 64 139 364 433 844 1101 1226 1250 1658 1951 2102 2142 
0 859 5 224 1374 1608 1689 1839 
0 860 11 82 230 320 384 936 1204 1226 1456 1636 1764 1785 
0 863 9 426 433 518 627 968 1183 1607 1833 2120 
0 864 12 223 261 282 608 900 1048 1220 1436 1477 1526 1560 1660 
0 865 9 98 160 255 319 583 695 1048 1725 1796 
0 867 13 13 50 153 334 459 632 635 716 912 1340 1374 1560 2120 
0 869 7 223 614 834 1437 1713 2114 2121 
0 870 10 213 334 344 512 529 782 1654 1733 2047 2079 
0 874 7 42 351 658 1400 1608 2020 2021 
0 875 8 369 777 974 1189 1638 1805 1965 2021 
0 877 13 1 41 164 631 918 984 1340 1472 1482 1646 1830 2039 2067 
0 878 10 139 153 177 343 376 825 1145 1218 1677 1807 
0 880 12 198 209 286 364 394 481 872 1106 1172 1218 1549 2089 
0 886 9 13 83 362 748 850 929 1002 1128 1185 
0 887 12 133 270 301 632 646 668 944 1342 1437 1678 1814 1833 
0 888 10 82 350 369 926 1257 1497 1509 1731 2027 2068 
0 889 13 33 209 431 777 908 924 1093 1257 1300 1402 1485 1624 1801 
0 890 14 351 354 631 759 769 1250 1432 1601 1619 1828 1913 1937 2068 2150 
0 893 7 4 467 501 1070 1524 1897 1900 
0 895 7 50 151 234 510 1420 1452 1759 
0 896 11 284 333 892 911 1463 1578 1587 1624 1665 1678 1882 
0 899 12 197 274 351 546 777 1070 1290 1847 1868 1921 1937 2135 
0 900 11 425 557 600 925 1221 1275 1292 1789 1947 1970 1979 
0 905 11 162 468 476 1192 1326 1373 1396 1555 1647 1664 1794 
0 906 9 157 253 329 417 445 630 1814 2005 2021 
0 907 11 289 380 662 797 949 987 997 1046 1059 1142 1940 
0 908 8 286 380 462 523 552 1539 1890 2036 
0 913 13 92 266 729 748 1072 1466 1482 1554 1651 1666 1737 2017 2088 
0 914 6 677 815 1054 1472 1801 1902 
0 917 7 433 456 851 1290 1459 1567 2020 
0 921 10 140 151 235 564 881 1106 1204 1269 1572 1665 
0 922 9 160 286 566 971 1130 1374 1491 1549 1786 
0 923 12 312 744 803 951 1326 1527 1624 1801 1879 2102 2135 2147 
0 924 13 33 238 246 742 830 906 1347 1532 1727 1801 1811 1814 2063 
0 925 8 861 1036 1091 1150 1274 1294 1528 2103 
0 926 11 2 113 194 209 247 601 947 1073 1121 1249 1848 
0 931 8 547 952 1228 1511 1629 1647 1841 2114 
0 933 8 68 274 575 1078 1302 1487 1616 1955 
0 935 9 86 576 602 628 1036 1239 1656 1949 2021 
0 936 11 82 140 729 864 1265 1489 1624 1882 1913 1997 2018 
0 938 6 255 265 287 978 1036 1930 
0 939 13 228 250 405 445 458 533 552 910 1159 1665 1791 1839 1913 
0 942 13 146 216 485 670 732 740 878 1195 1250 1364 1473 1495 1589 
0 944 10 672 856 866 1009 1146 1260 1364 1420 1713 2102 
0 948 5 22 110 1067 1265 1804 
0 950 13 103 243 358 380 411 431 448 523 724 822 924 1896 2042 
0 951 11 107 198 384 476 501 564 626 1377 1537 1624 1725 
0 954 13 174 250 362 566 840 1029 1204 1385 1505 1729 1734 1847 2051 
0 955 6 5 46 180 1130 1456 1903 
0 959 5 506 635 1801 1890 2161 
0 962 14 231 314 317 444 461 1221 1364 1608 1725 1811 1827 1872 1961 2158 
0 963 12 93 297 439 498 689 714 771 1213 1259 1807 1840 2036 
0 964 13 317 346 548 627 649 651 1058 1172 1353 1689 1709 1751 2147 
0 966 6 33 369 985 1300 1566 1937 
0 969 14 238 314 356 446 454 471 553 951 965 1084 1089 1139 1585 2123 
0 970 10 265 579 908 1188 1218 1435 1532 1661 1733 2045 
0 971 5 547 662 891 1725 1839 
0 972 12 119 332 490 850 892 980 1155 1204 1218 1221 1894 2147 
0 975 8 127 334 602 911 1396 1400 1797 1819 
0 976 6 146 218 456 492 887 1136 
0 978 9 10 601 798 891 955 1005 1125 1352 1560 
0 983 7 272 481 560 1063 1491 1544 1937 
0 986 11 193 277 465 467 566 796 871 908 1067 1618 2156 
0 987 10 75 345 646 864 1067 1145 1150 1174 1665 1999 
0 989 5 312 344 755 1078 1191 
0 992 11 978 1120 1257 1532 1551 1552 1578 1646 1651 1656 1808 
0 994 13 103 111 179 242 276 421 911 925 1130 1319 1911 1969 2102 
0 997 8 100 223 251 309 471 608 1129 1572 
0 998 10 158 223 275 298 471 917 978 1204 1567 1913 
1 214 157 18 16 295 326 504 585 974 1036 1111 1143 1257 1374 1665 1843 1903 2021 2109 2110 2142 
1 413 665 26 11 27 86 92 201 345 575 602 626 631 832 945 948 1034 1093 1120 1172 1353 1436 1523 1555 1655 1669 1801 2086 2143 
1 310 578 11 40 456 515 700 805 1006 1364 1534 1736 1805 2036 
1 237 129 17 153 199 233 247 274 369 380 487 724 922 924 1427 1677 1697 1936 1940 2097 
1 668 437 17 46 174 228 230 282 344 627 689 915 1106 1122 1239 1300 1549 1854 1856 2158 
1 394 438 25 50 125 200 231 467 608 682 748 847 926 948 965 1003 1062 1130 1151 1321 1343 1370 1495 1689 1814 1874 1890 1906 
1 236 469 26 31 92 100 211 309 531 568 577 589 603 646 837 984 1067 1111 1157 1340 1592 1623 1695 1697 1777 1801 1819 1825 1882 
1 518 685 17 92 163 339 480 482 618 734 924 1078 1142 1249 1319 1335 1485 1545 1663 1820 
1 838 577 17 197 671 729 791 818 890 934 949 1002 1038 1665 1669 1683 1829 1833 2026 2122 
1 353 701 21 102 146 266 276 443 725 748 780 798 871 901 1223 1226 1408 1455 1555 1629 1657 1746 1815 1982 
1 988 521 26 209 313 362 438 445 471 501 657 674 818 871 905 925 945 978 1025 1391 1420 1468 1503 1578 1743 1830 1877 1927 2040 
1 773 26 20 33 197 271 276 325 692 723 935 1041 1044 1120 1192 1218 1433 1553 1787 1882 1958 2045 2123 
1 231 344 26 10 101 151 175 238 276 312 361 376 431 505 532 547 568 574 602 908 1036 1047 1111 1404 1413 1633 1721 1819 2024 
1 76 695 19 100 139 198 244 260 297 312 362 431 548 601 614 948 1220 1420 1545 1659 1725 1792 
1 945 345 16 50 140 160 197 729 771 827 891 1127 1145 1151 1218 1269 1550 1725 2103 
1 117 53 11 100 140 230 362 665 987 1037 1207 1321 1992 2052 
1 471 152 19 1 136 249 269 288 433 446 481 547 572 818 1305 1319 1396 1532 1709 1730 1879 2161 
1 897 582 16 78 646 729 974 1218 1239 1317 1344 1472 1539 1549 1551 1598 1655 1914 2119 
1 534 751 23 64 105 130 149 210 231 507 586 602 742 808 987 1006 1124 1228 1353 1420 1441 1469 1480 1555 1656 2022 
1 709 940 14 188 445 467 602 609 872 969 1037 1257 1659 1794 1797 1903 2048 
1 183 563 23 209 260 312 363 467 504 531 544 556 580 652 661 866 1036 1187 1204 1219 1389 1396 1600 1626 1663 2128 
1 813 715 22 270 272 277 625 662 701 863 944 990 1037 1047 1121 1156 1239 1526 1619 1812 1839 1944 2026 2085 2142 
1 57 522 20 209 226 246 529 596 731 793 960 973 987 1398 1413 1616 1697 1811 1840 1932 1976 2045 2147 
1 66 810 16 196 457 634 768 803 815 924 961 1006 1139 1220 1269 1727 1812 1890 2097 
1 51 375 23 40 119 209 356 361 433 501 626 1078 1290 1452 1470 1623 1629 1718 1839 1842 1913 1968 2021 2062 2097 2119 
1 846 580 21 4 64 312 405 431 620 623 645 746 792 867 1111 1561 1647 1665 1800 1913 1930 2103 2110 2142 
1 909 105 19 134 236 270 295 361 529 548 609 748 948 1035 1164 1207 1483 1611 1623 1662 1834 1837 
1 903 960 24 2 52 98 164 203 231 247 310 361 474 784 832 884 892 949 974 1162 1239 1316 1659 1709 2036 2158 2161 
1 318 424 24 42 73 115 144 524 556 568 726 782 792 892 1005 1190 1326 1346 1387 1421 1578 1635 1638 1830 2021 2037 2114 
1 128 52 20 11 33 161 179 250 265 329 716 761 832 837 871 965 1111 1623 1775 1892 1904 2122 2147 
1 459 266 19 329 450 456 562 627 911 1313 1325 1347 1528 1575 1579 1677 1721 1797 1838 1890 1968 2142 
1 866 419 16 280 321 384 535 584 586 837 922 926 1396 1456 1573 1574 1655 1881 1916 
1 119 525 18 1 73 138 230 380 814 1070 1189 1204 1764 1797 1814 1839 1917 1992 2056 2092 2131 
1 919 573 18 37 251 254 270 314 350 505 822 837 871 884 992 1172 1502 1951 1992 2102 2107 
1 511 118 28 98 105 139 149 180 246 431 454 518 531 568 716 726 748 832 898 975 1106 1184 1333 1402 1446 1491 1495 1807 1882 2032 2062 
1 601 770 20 160 266 447 501 556 608 631 791 942 1245 1294 1326 1435 1634 1647 1650 1917 1975 2064 2123 
1 904 590 15 208 230 330 334 351 554 667 764 949 982 1002 1241 1340 1463 1975 
1 918 49 20 370 507 555 729 779 871 925 1067 1130 1239 1265 1296 1552 1734 1874 1925 2041 2089 2123 2161 
1 269 657 16 40 361 370 426 431 726 742 825 950 1182 1472 1551 1572 1666 1671 2080 
1 147 985 16 82 130 244 314 564 605 883 1036 1239 1262 1294 1395 1439 1662 2062 2158 
1 620 492 22 73 174 231 243 286 356 450 505 523 764 948 1048 1151 1239 1319 1413 1581 1678 1704 1767 1838 2102 
1 974 146 16 64 507 515 547 607 625 631 1048 1128 1187 1312 1337 1669 1838 1866 1904 
1 587 774 14 4 178 274 567 671 700 847 897 926 1052 1067 1914 1938 2158 
1 637 949 16 8 153 197 471 662 791 852 922 1106 1497 1535 1607 1623 1655 1736 1992 
1 384 494 19 151 274 334 361 388 870 1047 1119 1129 1321 1426 1463 1616 1624 1843 1890 1904 2021 2135 
1 244 390 18 198 289 323 406 476 546 743 1067 1087 1142 1330 1334 1452 1731 1917 1989 2084 2096 
1 716 806 19 23 204 266 274 356 370 438 568 683 729 903 1157 1228 1459 1611 1727 1984 2039 2146 
1 262 884 20 73 139 246 253 551 692 822 948 950 965 1067 1145 1185 1226 1326 1400 1459 1469 1789 2103 
1 207 512 10 369 585 785 852 1290 1402 1497 1844 1988 2135 
1 427 628 13 235 276 344 380 593 731 742 925 1187 1526 1697 1712 1900 
1 633 6 17 85 174 367 534 689 715 730 914 1179 1333 1469 1590 1679 1731 2122 2123 2142 
1 163 72 21 189 262 362 375 454 495 514 531 811 1036 1101 1134 1392 1479 1539 1615 1665 1812 2045 2055 2114 
1 195 133 25 2 29 38 230 260 309 398 482 533 566 607 697 976 1067 1085 1269 1374 1467 1534 1568 1629 1679 1715 1725 1782 
1 853 85 18 40 71 157 304 331 356 466 600 791 911 1230 1546 1549 1678 1819 1921 2045 2087 
1 259 338 20 64 92 493 513 564 601 602 686 892 903 908 928 950 999 1139 1491 1651 1655 1779 2021 
1 651 246 16 23 98 231 314 456 545 602 632 637 639 807 837 1028 1512 1677 1960 
1 288 503 18 33 282 609 646 747 777 829 884 944 1035 1145 1279 1472 1599 1650 1682 1729 1814 
1 253 879 15 30 247 625 806 879 1007 1014 1031 1145 1290 1427 1472 1656 1739 1814 
1 168 825 20 4 26 33 44 64 322 333 369 855 892 970 990 1047 1067 1249 1442 1592 1623 1905 2153 
1 527 96 15 53 73 241 307 388 476 559 926 1336 1572 1854 1855 1874 1923 2039 
1 88 59 22 46 79 151 235 586 666 677 689 747 802 1101 1121 1239 1459 1502 1582 1623 1647 1708 1898 1912 2142 
1 155 444 25 123 243 253 510 547 624 770 794 817 818 911 1005 1150 1241 1401 1437 1553 1596 1608 1697 1721 1854 1914 1940 2103 
1 44 124 23 33 73 82 123 151 270 274 297 351 361 414 440 478 509 558 768 1070 1096 1190 1206 1558 1679 2114 
1 175 681 16 40 87 266 356 421 425 568 806 832 1101 1250 1321 1752 1878 1914 2021 
1 363 407 16 233 279 309 316 361 392 531 798 1118 1380 1459 1463 1656 1830 2017 2056 
1 408 600 19 30 83 187 209 243 297 327 476 523 956 1249 1344 1420 1678 1709 1890 2004 2112 2117 
1 797 670 27 4 100 203 279 529 533 538 564 568 662 694 832 924 957 1084 1107 1111 1118 1120 1159 1170 1185 1349 1362 1457 1551 1747 
1 952 165 20 50 384 481 625 729 806 819 915 1353 1390 1394 1396 1491 1592 1666 1840 1898 1903 2021 2141 
1 198 481 22 82 86 160 330 447 509 548 558 575 602 945 978 1130 1340 1395 1400 1460 1678 1679 1794 1951 2045 
1 735 858 25 209 329 361 431 535 558 771 805 818 1157 1172 1190 1220 1257 1297 1392 1459 1551 1709 1720 1775 1874 1881 1882 2001 
1 32 466 17 174 216 297 334 384 395 467 568 577 833 912 1015 1317 1452 1592 1603 1624 
1 10 710 21 146 286 391 467 753 854 884 987 1006 1008 1111 1123 1475 1665 1738 1744 1839 1903 1969 2123 2161 
1 753 382 19 44 82 129 139 279 352 461 631 742 758 1037 1186 1491 1784 1807 1814 1833 1926 1927 
1 501 977 21 68 299 547 614 626 659 708 771 821 884 897 1002 1100 1120 1290 1337 1561 1600 1646 1715 2114 
1 432 144 18 19 32 100 142 286 370 402 602 712 863 884 891 1014 1078 1221 1715 1936 2014 
1 794 603 16 2 417 548 748 814 818 891 987 1067 1103 1249 1364 1573 1807 1820 1876 
1 169 67 27 86 134 198 302 425 586 671 924 1047 1048 1128 1132 1198 1241 1247 1258 1265 1290 1334 1389 1449 1485 1551 1679 1799 1900 1940 
1 666 781 14 73 314 792 903 908 1045 1183 1338 1360 1376 1443 1729 1971 2161 
1 528 330 21 28 104 160 174 208 247 547 626 777 837 1101 1111 1224 1291 1321 1450 1484 1551 1879 1937 1955 
1 204 171 23 174 351 498 548 565 592 631 683 754 892 924 1059 1067 1113 1269 1326 1347 1473 1651 1661 1665 2039 2142 
1 454 789 20 83 134 160 176 276 558 674 747 944 1128 1134 1290 1340 1342 1551 1574 1592 1665 1921 2023 
1 80 116 19 34 447 515 548 601 701 847 866 925 974 1105 1207 1438 1472 1549 1689 1992 2017 2039 
1 336 635 16 276 510 531 691 742 847 912 1221 1290 1423 1606 1637 1882 1906 2123 2163 
1 571 717 18 10 20 83 89 114 216 283 351 680 692 866 939 1091 1321 1552 1655 1720 1955 
1 984 762 17 160 531 627 807 891 893 957 976 1037 1120 1134 1551 1697 1727 1914 2005 2135 
1 788 673 12 4 33 82 185 550 689 692 1128 1183 1430 1837 2113 
1 200 783 18 47 51 523 805 941 1048 1145 1149 1210 1228 1375 1435 1459 1593 1874 1955 2115 2122 
1 617 335 20 44 46 86 98 209 320 376 452 566 601 763 978 1139 1370 1469 1552 1636 1764 1854 1904 
1 796 583 25 47 153 274 282 296 346 351 355 507 523 535 575 676 692 780 912 921 1035 1142 1379 1400 1429 1888 1925 2151 
1 188 392 25 100 295 523 568 586 602 626 841 937 1078 1118 1185 1228 1248 1312 1353 1389 1459 1539 1542 1598 1632 1633 1639 1762 
1 47 798 14 173 275 323 529 871 924 1307 1531 1600 1662 1732 1916 2097 2147 
1 589 752 12 68 114 235 370 748 1006 1313 1378 1600 1647 1689 1694 
1 126 915 20 56 92 279 515 529 556 646 792 911 923 1150 1463 1479 1498 1647 1677 1678 1681 1791 1847 
1 910 402 20 142 226 235 288 376 498 925 978 1066 1276 1344 1416 1629 1677 1688 1906 1915 2003 2123 2145 
1 306 461 18 98 279 330 509 529 709 724 757 791 950 1002 1214 1497 1724 1801 1868 2129 2135 
1 912 322 17 683 689 762 817 1047 1067 1118 1126 1345 1457 1538 1551 1721 1800 2004 2030 2034 
1 513 664 23 11 146 312 384 431 609 864 891 911 922 949 1002 1037 1134 1142 1192 1248 1392 1452 1677 1678 1988 2147 
1 828 123 16 26 51 173 233 422 446 729 871 897 905 1011 1120 1190 1814 1924 2146 
1 248 759 15 546 586 609 662 724 944 1142 1185 1269 1270 1301 1552 1689 2021 2142 
1 586 816 14 9 114 235 266 400 431 515 1139 1220 1265 1392 1413 2083 2135 
1 961 660 14 235 446 466 529 700 762 1002 1088 1239 1459 1763 1909 2115 2135 
1 572 54 16 83 231 509 586 688 944 1157 1162 1220 1221 1595 1703 1791 1807 1833 2158 
1 833 763 21 356 366 425 498 510 543 564 566 692 748 771 887 1004 1049 1065 1078 1128 1354 1420 1814 2029 
1 568 699 10 209 765 884 1113 1121 1250 1839 1934 2039 2147 
1 517 928 16 64 356 380 509 602 662 951 1150 1287 1420 1436 1516 1585 1814 1840 1963 
1 161 840 20 2 35 238 312 329 507 523 566 678 884 908 1070 1139 1321 1791 1840 1841 1899 1929 2071 
1 996 156 20 68 118 134 223 397 450 467 614 691 742 1091 1133 1296 1402 1427 1553 1704 1772 1882 2062 
1 218 703 20 45 209 243 312 405 409 509 594 631 709 780 864 1035 1220 1377 1416 1689 1915 1979 2015 
1 447 698 20 46 309 329 362 405 464 609 818 882 922 926 1051 1312 1321 1353 1414 1494 1688 1861 1922 
1 151 795 24 64 213 221 258 286 440 467 558 564 608 864 908 926 1005 1060 1134 1226 1265 1619 1655 1881 1906 2036 2053 
1 452 553 26 27 60 98 198 312 371 476 611 653 791 1078 1321 1354 1378 1402 1452 1563 1646 1678 1833 1839 1940 2036 2045 2101 2147 
1 95 206 16 33 130 253 407 698 771 847 987 1265 1313 1321 1396 1638 1665 1715 1857 
1 104 662 16 230 233 507 626 632 870 926 1120 1190 1248 1638 1645 1666 1835 1868 1925 
1 417 524 19 146 316 398 419 421 553 659 692 814 818 1005 1185 1221 1369 1507 1636 1720 1826 2122 
1 93 758 20 61 153 241 253 260 336 376 389 547 568 607 697 871 957 981 1431 1553 1854 2021 2103 
1 937 824 18 126 260 365 551 568 884 903 1235 1344 1459 1485 1553 1578 1592 1616 1665 1666 2114 
1 12 350 21 1 3 50 249 256 370 501 515 518 632 720 729 847 1549 1666 1679 1819 1823 1898 1986 2115 
1 941 371 17 44 317 329 505 548 564 806 855 965 1002 1090 1185 1344 1363 1783 1877 2158 
1 885 339 27 82 139 209 260 279 319 330 344 441 447 501 529 708 792 801 1067 1070 1220 1367 1402 1413 1415 1560 1772 1838 1874 1958 
1 476 252 16 40 127 129 297 442 515 542 660 991 1221 1459 1620 1651 1951 2066 2102 
1 321 373 21 279 354 362 491 786 815 1086 1111 1150 1269 1330 1445 1592 1692 1720 1725 1870 1903 1906 2021 2093 
1 744 834 23 4 48 86 253 286 346 632 683 710 903 906 1097 1130 1340 1389 1588 1641 1662 1838 1919 1925 2036 2123 
1 564 881 17 10 566 607 646 747 971 985 1048 1234 1249 1374 1392 1463 1764 1780 1882 1958 
1 916 659 11 114 160 370 791 911 1120 1218 1290 1312 1364 1598 
1 995 449 19 82 174 245 275 370 683 764 777 871 1070 1123 1130 1154 1647 1666 1807 1909 1996 2019 
1 224 892 12 445 501 575 631 777 852 1037 1172 1190 1226 1452 1592 
1 71 814 22 1 2 140 282 309 357 453 591 777 864 907 1002 1078 1140 1187 1257 1624 1659 1662 1803 1879 2122 
1 958 911 17 11 270 297 312 527 585 601 914 1037 1157 1163 1363 1677 1735 1910 2121 2148 
1 993 221 18 131 286 314 376 387 433 490 535 539 632 701 1190 1402 1572 1750 2017 2102 2123 
1 30 726 23 24 130 153 243 275 279 405 476 555 625 787 832 973 1090 1139 1173 1344 1491 1551 1670 1678 1921 2104 
1 981 808 19 297 454 519 568 632 701 843 903 1014 1037 1047 1115 1139 1396 1456 1621 1921 1989 2143 
1 173 653 21 228 286 319 385 509 548 597 834 849 1070 1150 1290 1292 1314 1330 1368 1497 1553 1587 1721 2121 
1 883 434 16 46 92 450 548 591 776 885 916 1332 1615 1665 1685 1878 1948 2036 2161 
1 731 58 14 61 508 595 635 848 896 1120 1240 1611 1623 1742 1790 1983 2012 
1 36 478 18 2 5 64 160 165 531 543 845 911 924 1344 1623 1662 1719 1874 1898 1921 1940 
1 818 376 21 51 146 228 289 350 509 531 577 645 685 806 920 987 1457 1463 1472 1497 1549 1608 1801 1881 
1 415 180 18 82 216 223 238 279 405 577 740 843 897 1130 1171 1572 1616 1780 1934 2022 2142 
1 676 902 12 215 328 476 631 775 871 923 1055 1090 1362 1725 1798 
1 837 683 20 85 245 253 266 274 356 407 564 629 638 718 771 824 842 1128 1192 1665 1898 1906 1955 
1 857 409 24 92 100 160 233 279 356 376 507 575 649 1061 1413 1472 1562 1619 1761 1801 1841 1882 1906 1909 1913 2045 2147 
1 618 544 18 184 206 436 446 512 586 864 962 974 1204 1295 1402 1677 1706 1988 2017 2063 2114 
1 894 138 26 68 265 289 369 384 446 501 573 847 884 942 949 1090 1101 1194 1204 1249 1317 1485 1662 1669 1725 1818 1869 1982 2122 
1 386 242 27 187 197 249 369 400 471 515 585 659 814 891 922 1148 1192 1265 1616 1721 1743 1754 1780 1794 1838 1843 1855 1952 1995 2053 
1 108 496 19 329 334 369 471 492 523 663 1033 1067 1139 1183 1200 1262 1326 1400 1833 1857 2006 2122 
1 327 31 25 1 45 106 246 327 344 379 505 520 567 701 729 866 908 911 922 1151 1265 1396 1689 1721 1767 1808 1874 1940 
1 674 234 21 86 134 212 359 361 365 390 689 817 1090 1199 1308 1335 1451 1623 1666 1811 1815 1867 2050 2103 
1 264 249 20 28 344 351 405 529 726 806 848 1091 1154 1218 1228 1396 1501 1717 1841 1871 1973 2024 2092 
1 455 250 21 4 22 68 134 139 327 401 431 601 669 806 814 932 1389 1614 1630 1666 1741 1751 1853 1921 
1 395 271 14 33 430 523 877 1010 1014 1101 1315 1321 1340 1655 1878 2079 2103 
1 102 980 14 50 92 216 266 314 330 505 646 943 1101 1413 1691 1796 1890 
1 474 143 18 20 33 276 279 330 510 535 608 701 792 1121 1296 1313 1319 1419 1560 1896 1921 
1 841 882 19 231 266 297 362 507 586 620 730 823 903 949 1047 1091 1135 1143 1334 1652 1838 2158 
1 999 445 10 10 265 349 498 1447 1552 1659 1671 1944 2158 
1 636 341 21 82 376 431 547 692 701 704 769 778 920 1047 1137 1142 1464 1485 1736 1833 1838 1913 1959 2153 
1 64 61 15 4 86 130 200 370 384 950 989 1014 1067 1491 1622 1623 1996 2035 
1 545 158 15 149 213 330 370 613 697 806 1002 1021 1089 1145 1666 1723 2053 2143 
1 270 548 18 21 329 369 433 489 541 601 659 836 860 1078 1081 1220 1340 1496 1551 1655 1845 
1 979 280 14 40 82 174 277 361 433 480 566 875 1091 1400 1463 1602 1744 
1 162 615 28 12 98 146 361 376 389 566 586 847 891 926 978 1059 1077 1091 1151 1201 1221 1281 1410 1555 1594 1600 1689 1789 1830 2006 2045 
1 967 115 20 238 327 396 546 624 632 646 656 1036 1047 1106 1121 1221 1228 1709 1921 1988 2017 2045 2073 
1 191 82 13 130 253 531 632 669 824 1101 1326 1330 1624 1668 2024 2143 
1 876 956 21 240 247 482 515 568 652 884 987 1168 1218 1232 1456 1469 1526 1559 1623 1661 1882 1925 1962 2102 
1 215 562 18 40 98 169 589 705 845 1128 1185 1190 1321 1413 1424 1537 1552 1645 1839 1913 2046 
1 153 965 22 98 123 270 275 312 361 568 601 608 632 701 748 1185 1456 1529 1530 1633 1711 1831 1940 2045 2060 
1 20 609 24 42 64 78 197 260 312 362 434 565 639 646 847 944 1166 1228 1434 1624 1706 1914 1937 1940 1945 2081 2135 
1 405 46 18 28 134 260 297 631 662 683 1002 1183 1294 1343 1344 1366 1623 1647 1727 1925 2036 
1 465 769 18 140 197 481 556 804 1047 1078 1190 1208 1250 1275 1472 1485 1592 1612 1798 1807 2062 
1 510 721 21 100 123 292 347 351 352 710 818 859 892 1104 1120 1546 1572 1825 1838 1906 1950 2017 2122 2125 
1 65 243 22 64 235 247 266 309 425 449 847 923 950 951 957 1005 1090 1150 1420 1452 1525 1665 1727 2130 2139 
1 696 199 15 380 614 727 742 819 1101 1130 1368 1505 1526 1616 1680 1868 2017 2045 
1 372 69 20 61 267 275 351 453 699 777 866 978 1059 1231 1269 1374 1495 1578 1825 1874 1889 2036 2121 
1 800 495 21 157 312 356 466 476 546 547 609 683 693 774 1133 1303 1619 1658 1666 1709 1921 2004 2062 2142 
1 835 523 16 235 359 587 948 1005 1014 1070 1118 1333 1516 1790 1839 1955 2049 2090 2157 
1 257 428 15 180 235 252 331 584 614 742 1239 1241 1359 1553 1791 1854 1882 2097 
1 160 97 14 140 266 570 681 778 780 884 1393 1402 1560 1592 1834 1878 2097 
1 934 150 21 50 151 160 392 471 606 655 692 729 876 893 1037 1091 1552 1578 1592 1992 2004 2099 2102 2121 
1 856 130 25 76 139 146 333 550 577 610 683 957 983 1053 1485 1720 1757 1798 1830 1833 1879 1906 1937 1948 2008 2077 2121 2158 
1 422 426 22 11 50 129 306 380 407 466 526 892 928 1062 1204 1327 1402 1520 1569 1686 1874 1876 1974 1990 2057 
1 697 861 25 1 2 46 159 244 250 260 274 279 593 691 762 770 791 806 897 918 944 1101 1128 1142 1402 1475 1849 2026 
1 137 901 18 102 114 276 380 412 499 631 926 1157 1196 1344 1362 1485 1551 1616 1754 1881 2097 
1 470 529 22 114 447 586 609 861 908 912 1121 1130 1160 1218 1269 1472 1616 1623 1718 1783 1789 1904 1910 1917 1949 
1 337 464 15 314 539 748 805 887 935 987 1190 1270 1552 1644 1887 2144 2147 2161 
1 832 482 24 92 140 197 216 274 341 362 384 515 646 729 846 926 974 1001 1012 1265 1353 1396 1542 1578 1633 1931 2073 
1 227 383 22 1 146 250 252 286 297 395 433 498 531 717 1145 1185 1216 1249 1420 1472 1623 1726 2029 2036 2063 
1 15 418 19 202 214 274 292 309 475 589 708 814 892 899 926 1036 1215 1221 1334 1441 2102 2136 
1 2 94 22 1 147 327 349 378 410 455 569 586 728 745 777 892 1019 1145 1320 1475 1830 1862 1913 2154 2161 
1 226 359 17 153 244 298 361 461 700 798 1085 1136 1151 1207 1353 1526 1619 1661 1725 1770 
1 700 256 19 15 237 238 239 270 282 425 461 548 594 942 1131 1554 1619 1655 1858 1861 2026 2035 
1 991 714 26 61 134 174 355 358 456 458 566 568 592 683 817 886 929 1032 1257 1426 1440 1485 1540 1553 1555 1646 1834 1997 2017 
1 847 599 22 92 126 176 297 498 564 747 837 958 1118 1218 1279 1466 1560 1654 1800 1811 1865 1909 1921 1951 2153 
1 68 705 17 23 174 476 501 529 911 1056 1118 1220 1273 1282 1290 1619 1714 1869 1881 1992 
1 607 0 14 94 122 233 614 1027 1033 1038 1190 1192 1446 1868 1925 1968 2103 
1 114 737 24 116 119 151 190 297 344 446 659 773 789 798 892 903 944 988 1139 1463 1609 1633 1731 1792 1839 1865 2024 
1 689 990 18 4 34 123 248 278 346 435 988 1006 1083 1128 1732 1766 1833 1868 1900 1988 2143 
1 27 458 27 134 137 155 238 412 467 602 729 758 812 970 1048 1070 1130 1190 1319 1452 1456 1496 1578 1689 1789 1882 1885 1920 2026 2045 
1 443 365 21 14 98 140 235 717 764 912 1016 1088 1097 1100 1118 1304 1377 1504 1619 1764 1811 1836 1978 2114 
1 547 871 18 4 154 310 342 378 564 718 771 964 1241 1634 1656 1713 1733 1825 1921 1954 2108 
1 711 868 16 1 140 199 230 231 270 1162 1185 1322 1420 1460 1572 1634 1697 1765 2156 
1 817 634 19 50 152 228 230 303 329 362 461 626 716 1091 1242 1290 1413 1452 1456 1495 1677 1925 
1 40 932 23 10 244 297 481 523 547 664 791 882 897 924 951 998 1011 1374 1526 1608 1626 1679 1773 1900 2026 2135 
1 579 552 15 170 220 817 923 1118 1221 1374 1608 1655 1797 1833 1839 1932 1962 1976 
1 661 223 22 238 276 376 408 636 703 715 912 1147 1150 1172 1186 1204 1326 1446 1459 1469 1640 1743 1765 1838 1913 
1 873 304 25 134 174 231 273 274 294 350 471 818 864 930 1020 1174 1190 1304 1310 1447 1463 1485 1491 1500 1833 1874 2118 2161 
1 957 872 20 44 123 153 230 260 346 497 777 892 1128 1142 1183 1265 1352 1358 1578 1715 1763 1789 1797 
1 973 930 19 297 314 507 509 556 585 626 729 832 926 1204 1218 1239 1402 1549 1572 1797 1955 2004 
1 285 273 21 42 61 86 149 250 279 443 537 618 1005 1185 1217 1265 1485 1506 1796 1913 1914 1940 1955 1988 
1 414 801 22 157 170 216 317 393 831 847 892 987 1070 1228 1294 1456 1555 1595 1801 1890 1913 1937 2012 2016 2114 
1 487 543 21 31 151 270 446 501 542 669 764 908 1006 1142 1463 1472 1516 1560 1775 1862 1879 1921 1937 1976 
1 101 99 25 82 134 153 198 279 362 380 433 515 599 681 957 995 1070 1392 1453 1491 1495 1797 1906 1983 1991 2024 2028 2151 
1 134 388 22 362 380 432 454 625 626 640 675 701 806 861 891 1036 1037 1121 1244 1249 1747 1834 1874 2036 2135 
1 84 920 15 251 466 814 911 1002 1055 1369 1396 1400 1583 1656 1669 1775 1846 1870 
1 385 765 20 10 100 130 157 197 243 274 329 531 614 721 848 908 1592 1608 1616 1688 1690 1851 2045 
1 581 498 21 64 260 439 558 607 608 618 633 721 777 818 925 996 1121 1282 1345 1608 1728 1874 1878 1890 
1 289 331 22 40 154 256 312 317 351 588 589 839 1020 1290 1353 1407 1472 1721 1742 1799 1826 1848 1868 1906 2146 
1 290 131 17 57 223 369 501 608 683 847 903 930 1190 1203 1287 1400 1539 1572 2049 2153 
1 760 403 16 275 433 516 935 1048 1111 1204 1265 1413 1456 1478 1572 1613 1793 1839 2017 
1 343 891 18 84 100 118 216 467 476 540 1048 1110 1204 1226 1239 1389 1675 1698 1727 1967 2148 
1 172 585 18 376 484 491 515 632 700 792 832 1082 1207 1734 1821 1843 1881 1890 1909 2062 2135 
1 190 625 16 97 170 198 498 503 796 862 881 1145 1210 1264 1578 1593 1791 1792 1830 
1 91 86 20 41 244 264 498 791 923 924 938 1078 1130 1171 1172 1221 1374 1396 1509 1530 1633 1955 2040 
1 624 475 23 223 244 326 626 688 692 818 891 944 957 1002 1056 1121 1324 1519 1709 1824 1854 1921 1925 1988 2024 2153 
1 398 953 16 31 49 216 292 527 602 646 688 923 933 1327 1348 1704 1914 2107 2158 
1 37 399 13 46 168 330 510 601 805 891 1142 1204 1602 1666 1756 2122 
1 566 619 24 2 4 40 230 260 314 366 369 376 509 700 713 742 1172 1190 1319 1340 1362 1364 1374 1384 1452 1555 1940 
1 684 401 22 89 153 238 276 329 356 461 601 646 716 722 871 896 1078 1106 1532 1647 1666 1689 1796 1893 2151 
1 368 366 20 46 228 260 317 353 420 471 635 950 1059 1061 1121 1171 1349 1584 1633 1678 1782 1874 2163 
1 630 608 14 67 98 124 286 351 631 683 742 1002 1036 1767 2036 2110 2133 
1 324 598 10 98 140 356 467 552 1608 1647 1713 2109 2158 
1 740 943 23 59 86 95 140 161 243 362 479 631 690 901 989 1014 1117 1150 1560 1731 1796 1800 1927 1939 1975 2052 
1 968 946 12 86 95 139 191 276 279 380 384 501 1285 1549 2054 
1 185 295 12 228 388 391 626 700 763 798 903 908 923 1349 1495 
1 8 55 22 46 73 98 282 384 529 566 659 756 818 835 871 908 1249 1319 1341 1402 1560 1578 1678 1933 2122 
1 79 898 11 79 351 505 523 616 660 697 1177 1555 2097 2143 
1 307 595 21 25 153 175 286 509 568 583 738 803 1068 1269 1378 1411 1435 1546 1593 1900 2021 2036 2109 2161 
1 535 805 17 2 80 228 246 268 312 563 689 710 884 952 1344 1389 1420 1426 1459 2065 
1 182 947 22 209 253 266 471 608 632 712 784 792 1070 1118 1326 1353 1373 1435 1452 1560 1725 1801 1838 1857 2122 
1 263 750 19 92 238 315 369 405 456 716 1118 1384 1485 1637 1662 1745 1764 1898 1900 2068 2079 2114 
1 18 749 15 82 168 230 388 425 831 964 1059 1221 1255 1310 1689 1789 1800 2097 
1 622 862 21 140 260 276 289 392 431 481 523 798 908 1111 1134 1319 1353 1389 1427 1480 1560 1647 2036 2153 
1 542 355 16 146 424 430 433 471 614 1000 1190 1337 1353 1374 1389 2028 2031 2114 2142 
1 929 782 19 143 198 329 502 586 608 650 683 742 852 1006 1241 1356 1571 1662 1971 2026 2058 2105 
1 643 490 22 33 134 140 150 209 211 361 738 742 944 1158 1378 1420 1444 1495 1536 1623 1788 1874 2123 2142 2146 
1 291 793 13 149 564 740 924 978 1491 1646 1709 1749 1811 1864 1992 2028 
1 982 484 20 73 160 169 276 314 364 575 723 884 903 1037 1172 1250 1340 1389 1555 1590 1670 1834 2114 
1 238 631 16 50 92 121 244 309 649 791 925 1101 1396 1489 1619 1623 1689 1755 1917 
1 632 537 19 68 86 193 289 625 706 1024 1143 1145 1456 1462 1541 1578 1607 1640 1660 1689 1726 1976 
1 297 720 18 42 327 531 589 644 739 767 873 903 909 1128 1413 1463 1514 1616 1776 2095 2161 
1 686 927 21 73 150 253 374 446 585 614 627 734 1115 1192 1239 1400 1422 1554 1605 1721 1748 1836 1921 2097 
1 558 675 16 75 117 209 221 405 529 898 993 1142 1236 1572 1616 1703 1913 1937 2161 
1 612 410 23 4 40 100 123 471 515 614 868 1014 1040 1047 1085 1128 1269 1313 1551 1731 1854 1908 1984 2016 2100 2103 
